1 2 1.000000
1 35 1.000000
1 36 1.414214
2 1 1.000000
2 3 1.000000
2 35 1.414214
2 36 1.000000
2 37 1.414214
3 2 1.000000
3 4 1.000000
3 16 1.414214
3 36 1.414214
3 37 1.000000
3 38 1.414214
4 3 1.000000
4 5 1.000000
4 16 1.000000
4 37 1.414214
4 38 1.000000
4 39 1.414214
5 4 1.000000
5 6 1.000000
5 18 1.414214
5 38 1.414214
5 39 1.000000
5 40 1.414214
6 5 1.000000
6 7 1.000000
6 18 1.000000
6 39 1.414214
6 40 1.000000
6 41 1.414214
7 6 1.000000
7 8 1.000000
7 20 1.414214
7 40 1.414214
7 41 1.000000
7 42 1.414214
8 7 1.000000
8 9 1.000000
8 19 1.414214
8 20 1.000000
8 41 1.414214
8 42 1.000000
8 43 1.414214
9 8 1.000000
9 10 1.000000
9 22 1.414214
9 42 1.414214
9 43 1.000000
9 44 1.414214
10 9 1.000000
10 11 1.000000
10 21 1.414214
10 22 1.000000
10 43 1.414214
10 44 1.000000
10 45 1.414214
11 10 1.000000
11 12 1.000000
11 24 1.414214
11 44 1.414214
11 45 1.000000
11 46 1.414214
12 11 1.000000
12 13 1.000000
12 23 1.414214
12 24 1.000000
12 45 1.414214
12 46 1.000000
12 47 1.414214
13 12 1.000000
13 14 1.000000
13 46 1.414214
13 47 1.000000
13 48 1.414214
14 13 1.000000
14 15 1.000000
14 25 1.414214
14 26 1.000000
14 27 1.414214
14 47 1.414214
14 48 1.000000
14 49 1.414214
15 14 1.000000
15 26 1.414214
15 27 1.000000
15 48 1.414214
15 49 1.000000
16 3 1.414214
16 4 1.000000
16 28 1.000000
17 6 1.414214
17 18 1.000000
17 29 1.414214
18 5 1.414214
18 6 1.000000
18 7 1.414214
18 17 1.000000
18 29 1.000000
19 8 1.414214
19 20 1.000000
19 30 1.414214
20 7 1.414214
20 8 1.000000
20 19 1.000000
20 30 1.000000
21 10 1.414214
21 22 1.000000
21 31 1.414214
22 9 1.414214
22 10 1.000000
22 21 1.000000
22 31 1.000000
23 12 1.414214
23 24 1.000000
23 32 1.414214
24 11 1.414214
24 12 1.000000
24 23 1.000000
24 32 1.000000
25 14 1.414214
25 26 1.000000
25 33 1.414214
26 14 1.000000
26 15 1.414214
26 25 1.000000
26 27 1.000000
26 33 1.000000
26 34 1.414214
27 14 1.414214
27 15 1.000000
27 26 1.000000
27 33 1.414214
27 34 1.000000
28 16 1.000000
29 17 1.414214
29 18 1.000000
30 19 1.414214
30 20 1.000000
31 21 1.414214
31 22 1.000000
32 23 1.414214
32 24 1.000000
33 25 1.414214
33 26 1.000000
33 27 1.414214
33 34 1.000000
34 26 1.414214
34 27 1.000000
34 33 1.000000
35 1 1.000000
35 2 1.414214
35 36 1.000000
35 50 1.000000
35 51 1.414214
36 1 1.414214
36 2 1.000000
36 3 1.414214
36 35 1.000000
36 37 1.000000
36 50 1.414214
36 51 1.000000
36 52 1.414214
37 2 1.414214
37 3 1.000000
37 4 1.414214
37 36 1.000000
37 38 1.000000
37 51 1.414214
37 52 1.000000
37 53 1.414214
38 3 1.414214
38 4 1.000000
38 5 1.414214
38 37 1.000000
38 39 1.000000
38 52 1.414214
38 53 1.000000
38 54 1.414214
39 4 1.414214
39 5 1.000000
39 6 1.414214
39 38 1.000000
39 40 1.000000
39 53 1.414214
39 54 1.000000
39 55 1.414214
40 5 1.414214
40 6 1.000000
40 7 1.414214
40 39 1.000000
40 41 1.000000
40 54 1.414214
40 55 1.000000
40 56 1.414214
41 6 1.414214
41 7 1.000000
41 8 1.414214
41 40 1.000000
41 42 1.000000
41 55 1.414214
41 56 1.000000
41 57 1.414214
42 7 1.414214
42 8 1.000000
42 9 1.414214
42 41 1.000000
42 43 1.000000
42 56 1.414214
42 57 1.000000
42 58 1.414214
43 8 1.414214
43 9 1.000000
43 10 1.414214
43 42 1.000000
43 44 1.000000
43 57 1.414214
43 58 1.000000
43 59 1.414214
44 9 1.414214
44 10 1.000000
44 11 1.414214
44 43 1.000000
44 45 1.000000
44 58 1.414214
44 59 1.000000
44 60 1.414214
45 10 1.414214
45 11 1.000000
45 12 1.414214
45 44 1.000000
45 46 1.000000
45 59 1.414214
45 60 1.000000
45 61 1.414214
46 11 1.414214
46 12 1.000000
46 13 1.414214
46 45 1.000000
46 47 1.000000
46 60 1.414214
46 61 1.000000
46 62 1.414214
47 12 1.414214
47 13 1.000000
47 14 1.414214
47 46 1.000000
47 48 1.000000
47 61 1.414214
47 62 1.000000
47 63 1.414214
48 13 1.414214
48 14 1.000000
48 15 1.414214
48 47 1.000000
48 49 1.000000
48 62 1.414214
48 63 1.000000
48 64 1.414214
49 14 1.414214
49 15 1.000000
49 48 1.000000
49 63 1.414214
49 64 1.000000
50 35 1.000000
50 36 1.414214
50 51 1.000000
50 65 1.000000
50 66 1.414214
51 35 1.414214
51 36 1.000000
51 37 1.414214
51 50 1.000000
51 52 1.000000
51 65 1.414214
51 66 1.000000
51 67 1.414214
52 36 1.414214
52 37 1.000000
52 38 1.414214
52 51 1.000000
52 53 1.000000
52 66 1.414214
52 67 1.000000
52 68 1.414214
53 37 1.414214
53 38 1.000000
53 39 1.414214
53 52 1.000000
53 54 1.000000
53 67 1.414214
53 68 1.000000
54 38 1.414214
54 39 1.000000
54 40 1.414214
54 53 1.000000
54 55 1.000000
54 70 1.414214
55 39 1.414214
55 40 1.000000
55 41 1.414214
55 54 1.000000
55 56 1.000000
55 69 1.414214
55 70 1.000000
56 40 1.414214
56 41 1.000000
56 42 1.414214
56 55 1.000000
56 57 1.000000
56 72 1.414214
57 41 1.414214
57 42 1.000000
57 43 1.414214
57 56 1.000000
57 58 1.000000
57 71 1.414214
57 72 1.000000
58 42 1.414214
58 43 1.000000
58 44 1.414214
58 57 1.000000
58 59 1.000000
58 74 1.414214
59 43 1.414214
59 44 1.000000
59 45 1.414214
59 58 1.000000
59 60 1.000000
59 73 1.414214
59 74 1.000000
60 44 1.414214
60 45 1.000000
60 46 1.414214
60 59 1.000000
60 61 1.000000
60 76 1.414214
61 45 1.414214
61 46 1.000000
61 47 1.414214
61 60 1.000000
61 62 1.000000
61 75 1.414214
61 76 1.000000
62 46 1.414214
62 47 1.000000
62 48 1.414214
62 61 1.000000
62 63 1.000000
62 78 1.414214
63 47 1.414214
63 48 1.000000
63 49 1.414214
63 62 1.000000
63 64 1.000000
63 77 1.414214
63 78 1.000000
63 79 1.414214
64 48 1.414214
64 49 1.000000
64 63 1.000000
64 78 1.414214
64 79 1.000000
65 50 1.000000
65 51 1.414214
65 66 1.000000
65 80 1.000000
65 81 1.414214
66 50 1.414214
66 51 1.000000
66 52 1.414214
66 65 1.000000
66 67 1.000000
66 80 1.414214
66 81 1.000000
66 82 1.414214
67 51 1.414214
67 52 1.000000
67 53 1.414214
67 66 1.000000
67 68 1.000000
67 81 1.414214
67 82 1.000000
67 83 1.414214
68 52 1.414214
68 53 1.000000
68 67 1.000000
68 82 1.414214
68 83 1.000000
69 55 1.414214
69 70 1.000000
69 84 1.000000
70 54 1.414214
70 55 1.000000
70 69 1.000000
70 84 1.414214
70 85 1.000000
71 57 1.414214
71 72 1.000000
71 86 1.000000
71 87 1.414214
72 56 1.414214
72 57 1.000000
72 71 1.000000
72 86 1.414214
72 87 1.000000
73 59 1.414214
73 74 1.000000
73 88 1.000000
73 89 1.414214
74 58 1.414214
74 59 1.000000
74 73 1.000000
74 88 1.414214
74 89 1.000000
75 61 1.414214
75 76 1.000000
75 90 1.000000
75 91 1.414214
76 60 1.414214
76 61 1.000000
76 75 1.000000
76 90 1.414214
76 91 1.000000
77 63 1.414214
77 78 1.000000
77 92 1.000000
77 93 1.414214
78 62 1.414214
78 63 1.000000
78 64 1.414214
78 77 1.000000
78 79 1.000000
78 92 1.414214
78 93 1.000000
78 94 1.414214
79 63 1.414214
79 64 1.000000
79 78 1.000000
79 93 1.414214
79 94 1.000000
80 65 1.000000
80 66 1.414214
80 81 1.000000
80 95 1.000000
80 96 1.414214
81 65 1.414214
81 66 1.000000
81 67 1.414214
81 80 1.000000
81 82 1.000000
81 95 1.414214
81 96 1.000000
81 97 1.414214
82 66 1.414214
82 67 1.000000
82 68 1.414214
82 81 1.000000
82 83 1.000000
82 96 1.414214
82 97 1.000000
82 98 1.414214
83 67 1.414214
83 68 1.000000
83 82 1.000000
83 97 1.414214
83 98 1.000000
83 99 1.414214
84 69 1.000000
84 70 1.414214
84 100 1.414214
85 70 1.000000
85 100 1.000000
86 71 1.000000
86 72 1.414214
86 87 1.000000
86 102 1.414214
87 71 1.414214
87 72 1.000000
87 86 1.000000
87 101 1.414214
87 102 1.000000
88 73 1.000000
88 74 1.414214
88 89 1.000000
88 104 1.414214
89 73 1.414214
89 74 1.000000
89 88 1.000000
89 103 1.414214
89 104 1.000000
90 75 1.000000
90 76 1.414214
90 91 1.000000
90 106 1.414214
91 75 1.414214
91 76 1.000000
91 90 1.000000
91 105 1.414214
91 106 1.000000
92 77 1.000000
92 78 1.414214
92 93 1.000000
92 108 1.414214
93 77 1.414214
93 78 1.000000
93 79 1.414214
93 92 1.000000
93 94 1.000000
93 107 1.414214
93 108 1.000000
93 109 1.414214
94 78 1.414214
94 79 1.000000
94 93 1.000000
94 108 1.414214
94 109 1.000000
95 80 1.000000
95 81 1.414214
95 96 1.000000
95 110 1.000000
95 111 1.414214
96 80 1.414214
96 81 1.000000
96 82 1.414214
96 95 1.000000
96 97 1.000000
96 110 1.414214
96 111 1.000000
96 112 1.414214
97 81 1.414214
97 82 1.000000
97 83 1.414214
97 96 1.000000
97 98 1.000000
97 111 1.414214
97 112 1.000000
97 113 1.414214
98 82 1.414214
98 83 1.000000
98 97 1.000000
98 112 1.414214
98 113 1.000000
99 83 1.414214
99 100 1.000000
99 114 1.000000
99 115 1.414214
100 84 1.414214
100 85 1.000000
100 99 1.000000
100 114 1.414214
100 115 1.000000
101 87 1.414214
101 100 1.000000
101 102 1.000000
101 116 1.000000
101 117 1.414214
102 86 1.414214
102 87 1.000000
102 101 1.000000
102 116 1.414214
102 117 1.000000
103 89 1.414214
103 104 1.000000
103 118 1.000000
103 119 1.414214
104 88 1.414214
104 89 1.000000
104 103 1.000000
104 118 1.414214
104 119 1.000000
105 91 1.414214
105 106 1.000000
105 120 1.000000
105 121 1.414214
106 90 1.414214
106 91 1.000000
106 105 1.000000
106 120 1.414214
106 121 1.000000
107 93 1.414214
107 108 1.000000
107 121 1.414214
107 123 1.414214
108 92 1.414214
108 93 1.000000
108 94 1.414214
108 107 1.000000
108 109 1.000000
108 122 1.414214
108 123 1.000000
108 124 1.414214
109 93 1.414214
109 94 1.000000
109 108 1.000000
109 123 1.414214
109 124 1.000000
110 95 1.000000
110 96 1.414214
110 111 1.000000
111 95 1.414214
111 96 1.000000
111 97 1.414214
111 110 1.000000
111 112 1.000000
112 96 1.414214
112 97 1.000000
112 98 1.414214
112 111 1.000000
112 113 1.000000
113 97 1.414214
113 98 1.000000
113 112 1.000000
114 99 1.000000
114 100 1.414214
114 115 1.000000
115 99 1.414214
115 100 1.000000
115 114 1.000000
116 100 1.414214
116 101 1.000000
116 102 1.414214
116 117 1.000000
117 101 1.414214
117 102 1.000000
117 116 1.000000
118 103 1.000000
118 104 1.414214
118 119 1.000000
119 103 1.414214
119 104 1.000000
119 118 1.000000
120 105 1.000000
120 106 1.414214
120 121 1.000000
121 105 1.414214
121 106 1.000000
121 120 1.000000
122 107 1.000000
122 108 1.414214
122 123 1.000000
123 107 1.414214
123 108 1.000000
123 109 1.414214
123 122 1.000000
123 124 1.000000
124 108 1.414214
124 109 1.000000
124 123 1.000000
